0.050342 
0.031205 
0.008883 
-0.484661 
0.028345 
-0.041443 
-0.057887 
0.243111 
0.028085 
0.040839 
0.019084 
-0.120094 
-0.008245 
0.023885 
-0.032100 
0.478104 
0.040394 
-0.019935 
0.057459 
-0.082714 
-0.011968 
-0.061015 
0.063825 
-0.245414 
-0.001871 
-0.022190 
0.014426 
-0.002889 
0.045075 
0.042342 
-0.057506 
-0.198612 
-0.057680 
0.042539 
0.026375 
0.061262 
0.050100 
-0.011411 
0.003546 
-0.313614 
-0.152850 
0.155307 
-0.100545 
0.126910 
-0.044712 
0.054264 
-0.133606 
0.116675 
-0.040619 
0.074513 
0.169370 
