-0.033589 
0.042972 
-0.036164 
-0.031056 
-0.119555 
-0.031301 
-0.003322 
0.021543 
0.032025 
-0.065304 
-0.032875 
0.012851 
0.012932 
-0.046732 
0.304462 
0.047301 
-0.004294 
0.028053 
0.012541 
0.073304 
0.027783 
-0.030012 
0.041854 
0.003126 
0.399593 
-0.001738 
-0.000487 
-0.002087 
-0.021202 
-0.468911 
-0.030615 
-0.037339 
0.012537 
-0.007045 
-0.185191 
-0.030391 
-0.044984 
0.011777 
0.040011 
0.437125 
0.039655 
-0.036855 
-0.039131 
-0.037580 
0.160182 
0.005424 
-0.031803 
-0.025638 
0.011376 
0.035910 
0.043099 
0.049652 
0.039384 
-0.050012 
0.030440 
-0.040028 
-0.030720 
0.023565 
0.028676 
-0.026899 
-0.328006 
0.001373 
-0.055103 
-0.010388 
-0.016505 
0.007160 
-0.055582 
-0.058570 
-0.001278 
-0.046424 
-0.017245 
-0.194939 
-0.031910 
-0.028634 
0.025184 
0.055291 
-0.059128 
0.027448 
-0.026752 
-0.028873 
-0.047466 
-0.037211 
-0.234117 
