-1.261268e+00 
-1.000147e+00 
-5.554676e-01 
8.065533e-01 
1.555524e+00 
-1.465182e+00 
7.481913e-01 
1.784934e+00 
-4.936274e-01 
-1.998383e-02 
-1.012108e+00 
-8.471324e-01 
-6.673434e-01 
3.664508e-01 
1.065485e+00 
-6.892243e-01 
6.511759e-01 
9.167400e-01 
-4.386154e-01 
8.342079e-01 
-5.661820e-01 
-9.176773e-01 
-4.527140e-01 
-2.003795e-01 
1.251465e+00 
-1.470593e+00 
6.547785e-01 
9.742275e-01 
-5.929904e-01 
1.781728e+00 
-4.762810e-01 
-8.646424e-01 
-6.225661e-01 
-5.984718e-01 
1.006701e+00 
-3.770389e+00 
6.576600e-01 
7.731326e-01 
-8.433339e-01 
-3.548496e+00 
3.163481e-02 
-5.500406e-01 
-9.484925e-02 
-8.418666e-01 
7.449333e-01 
2.016073e-01 
6.829760e-01 
2.867080e-01 
-6.336884e-01 
-8.386488e-02 
1.319292e-01 
-3.889089e-01 
-2.413938e-01 
-1.066265e+00 
9.232016e-01 
-1.044157e+00 
5.018147e-01 
1.818370e-02 
-9.115327e-01 
-8.809009e-01 
-1.943398e-01 
-1.480113e-01 
-5.214031e-01 
2.110320e-01 
-1.015755e-01 
-4.342983e-01 
1.024408e-02 
-1.467711e-01 
1.668069e-02 
-1.258921e+00 
1.284286e-01 
-3.871957e-01 
-1.409342e-01 
-1.348626e+00 
6.434551e-01 
-4.901685e-01 
7.112941e-01 
1.784801e-02 
-9.213681e-01 
-8.512670e-01 
-4.138628e-01 
-2.587685e-01 
1.948982e-01 
1.238958e-02 
1.934211e-01 
2.267371e-01 
-1.393378e-01 
1.500866e-01 
5.426321e-02 
7.264099e-01 
-2.112521e-01 
-2.056487e-02 
1.214801e-01 
-6.272561e-01 
4.787151e-02 
6.182544e-01 
-1.040938e-01 
4.398723e-02 
5.578432e-03 
8.804973e-01 
-1.352618e-01 
-3.376812e-02 
5.675351e-02 
1.517488e-01 
2.558390e-02 
-2.862130e-01 
-2.581212e-02 
4.344778e-03 
9.726518e-03 
1.271311e-01 
1.287623e-01 
-3.370126e-01 
-2.675629e-01 
-1.509318e+00 
9.471823e-01 
-6.864557e-01 
9.232473e-01 
2.425997e-02 
-1.395434e+00 
-8.423114e-01 
-1.768849e-01 
-1.432582e-01 
-1.275867e-01 
-1.007373e-01 
5.042477e-01 
3.916629e-01 
-2.064792e-02 
1.417649e-01 
-1.436270e-01 
-1.096171e+00 
-8.907840e-01 
-1.675307e-01 
2.056504e-01 
3.612403e-01 
3.486877e-01 
-3.721635e-01 
6.225649e-02 
1.598110e-01 
-3.116127e-03 
7.449453e-01 
-4.605672e-02 
-1.057907e-02 
-1.424168e+00 
7.730409e-01 
-2.748409e-03 
-3.309738e+00 
-6.823098e-03 
2.361041e-01 
-2.000500e-02 
4.643577e-01 
-5.173710e-01 
-5.934923e-01 
-4.322279e-01 
8.540569e-01 
1.602004e+00 
-2.818141e-01 
9.604581e-01 
1.791461e+00 
-8.732141e-01 
-3.932310e+00 
-8.795687e-01 
-7.560330e-01 
-1.156738e+00 
1.411992e+00 
8.190125e-01 
-2.660382e+00 
6.624375e-01 
1.309497e+00 
-5.803447e-01 
-1.688940e+00 
-2.896147e-02 
-1.364813e-01 
-3.039510e-01 
-1.552631e-02 
-3.236578e-02 
-1.497261e+00 
-1.704572e-02 
-1.792914e-01 
-9.784035e-02 
2.835563e-01 
-7.743341e-01 
-3.454423e-01 
-6.426329e-01 
-3.236551e-01 
2.889929e-01 
-1.593527e+00 
8.136119e-01 
5.816436e-01 
-2.784784e-01 
6.432885e-01 
-2.262905e-01 
-1.463235e-01 
4.121676e-01 
-7.324789e-01 
-5.685697e-02 
4.806152e-01 
-1.776385e-01 
1.474333e-01 
5.977691e-02 
2.276319e+00 
-4.704578e-01 
-2.103672e-01 
-7.333717e-01 
-1.781476e+00 
-5.542384e-03 
-1.417289e+00 
-1.279202e-01 
3.346492e-01 
1.621359e-01 
2.561609e+00 
-2.278242e-01 
-1.641215e-01 
3.570750e-01 
-6.869083e-01 
-6.112227e-02 
2.716882e-01 
-2.285945e-01 
3.054198e-01 
6.813325e-02 
1.964567e+00 
-2.210474e-01 
-1.872419e-01 
1.394534e-01 
-5.524714e-03 
3.147213e-02 
-1.100054e-01 
-1.626966e-03 
1.702714e-01 
3.173196e-02 
1.470810e+00 
-1.843043e-02 
-1.947320e-01 
1.799612e-01 
-4.927694e-01 
4.670882e-02 
4.528730e-01 
-1.050529e-01 
-8.274487e-02 
4.557523e-02 
7.255536e-02 
1.451637e-01 
-1.713525e-01 
-3.190436e-01 
-1.020870e+00 
1.077948e+00 
-1.130764e+00 
1.079894e+00 
-6.721109e-02 
-9.532316e-01 
-8.789621e-01 
1.677307e-01 
-2.070235e-01 
2.839684e-01 
-2.747720e-01 
1.461720e-01 
9.660250e-01 
-1.746363e-01 
3.287790e-01 
2.250044e-02 
1.701123e+00 
1.252514e-01 
-3.629403e-01 
-2.631270e-01 
-1.519571e+00 
1.065230e+00 
-1.156624e+00 
9.273845e-01 
-1.167714e-02 
-1.176658e+00 
-9.571231e-01 
-6.927244e-01 
-4.441398e-01 
1.231822e-01 
2.129328e+00 
3.375104e-01 
1.156007e-01 
4.248989e-01 
1.002044e+00 
-8.589963e-01 
-3.070447e+00 
2.544411e-01 
-3.171499e-01 
-2.678565e-01 
-1.440010e+00 
1.081067e+00 
-1.027457e+00 
9.528347e-01 
-8.586623e-03 
-1.193754e+00 
-1.056080e+00 
-1.815489e-01 
-8.425125e-02 
-4.871101e-02 
1.244650e-01 
-1.058128e-01 
-3.377836e-02 
-1.395092e-02 
-2.899075e-02 
-3.916655e-02 
-1.163375e+00 
-1.798451e-01 
-9.089083e-02 
-4.975003e-03 
1.218623e-01 
-9.271011e-02 
2.410181e-01 
5.607243e-03 
-8.237565e-02 
9.171425e-03 
-8.044811e-01 
-8.663797e-01 
-8.405963e-01 
-7.811467e-01 
8.230639e-01 
1.054332e+00 
-2.078690e+00 
8.812366e-01 
1.932341e+00 
-8.212456e-01 
-1.956093e+00 
2.151356e-01 
-5.136913e-01 
-2.880502e-01 
-1.465192e+00 
1.217125e+00 
-1.814192e+00 
9.622724e-01 
2.033959e-02 
-1.343578e+00 
-1.068847e+00 
-4.446827e-01 
-4.526703e-01 
-3.660920e-01 
7.844065e-01 
6.184262e-01 
-8.447570e-01 
3.402869e-01 
9.376283e-01 
-3.022627e-01 
-6.185438e-01 
-3.708570e-02 
-5.385909e-01 
2.194793e+00 
7.420676e-01 
1.085250e+00 
2.138898e-01 
4.143978e-01 
8.645670e-01 
1.792331e-01 
1.437081e+00 
1.649383e+00 
8.961593e-01 
7.964694e-01 
-1.863940e-01 
-7.613041e-01 
7.925174e-01 
-1.512587e+00 
-2.006258e-01 
-8.069053e-01 
4.184246e+00 
-6.980443e+00 
2.120118e+00 
1.948444e+00 
1.145468e+00 
-8.763973e-01 
-1.061796e+00 
2.022978e+00 
-1.439927e+00 
-3.274129e-01 
-4.688543e-01 
3.564034e+00 
5.627266e-01 
6.079286e-01 
2.679115e-01 
-3.358188e+00 
-2.453254e-01 
-2.364975e+00 
-1.374550e+00 
1.806507e+00 
-6.814765e-01 
-1.270476e+00 
-1.055899e+00 
-6.140166e-01 
-1.208762e+00 
-1.264415e+00 
-5.701969e-01 
-9.601244e-01 
-4.875997e-01 
9.843007e-01 
2.528381e-01 
-1.423814e+00 
-1.648058e-01 
7.746808e-02 
4.559701e-01 
6.974110e+00 
-4.338761e+00 
-5.420552e+00 
-1.779285e+00 
9.474478e-01 
-1.123635e+00 
-4.882957e-01 
-9.911398e-01 
3.341326e-01 
-3.050433e-01 
-4.539927e-01 
-4.210565e-01 
